Sonata ao Luar
Ludwig van Beethoven

3000;1
3450;2
3900;4
4350;1
4800;2
5250;4
5700;1
6150;2
6600;4
7050;1
7500;2
7950;4
8400;1
8850;2
9300;4
9750;1
10200;2
10650;4
11100;1
11550;2
12000;4
12450;1
12900;2
13350;4
13800;1
14250;3
14700;4
15150;1
15600;3
16050;4
16500;2
16950;3
17400;4
17850;2
18300;3
18750;4
19200;1
19650;3
20100;4
20550;1
21000;2
21450;4
21900;1
22350;2
22800;3
23250;1
23700;2
24150;3
24600;1
25050;2
25500;4
25950;1
26400;2
26850;4
27300;1
27750;2
28200;4
28650;1
28650;4
29100;2
29550;4
29800;4
30000;1
30000;4
30450;2
30900;4
31350;1
31800;2
32250;4
32700;1
33150;2
33600;4
34050;4
34050;1
34500;2
34950;4
35150;4
35400;1
35400;4
35850;3
36300;4
36750;1
37200;3
37650;4
38100;4
38100;2
38550;3
39000;4
39450;2
39900;3
40350;4
40800;4
40800;1
41250;3
41700;4
42150;1
42600;2
43050;4
43500;4
43500;1
43950;2
44400;3
44850;4
44850;1
45300;2
45750;3
46200;1
46650;2
47100;3
47550;1
48000;2
48450;3
48900;1
49350;2
49800;3
50250;1
50700;2
51150;3
51600;1
52050;2
52500;3
52950;1
53400;2
53850;3
54300;1
54750;2
55200;3
55650;1
56100;2
56550;3
